400
1011
1173
1130
1024
1075
1185
1169
1096
1111
1072
1058
1066
1072
1078
1185
1081
1076
1101
1020
1076
1058
1181
1027
1179
1021
1199
1187
1005
1199
1084
1080
1042
1170
1118
1011
1111
1046
1184
1021
1153
1176
1052
1175
1185
1022
1197
1017
1123
1113
1069
1174
1150
1155
1110
1017
1021
1074
1036
1054
1161
1111
1063
1187
1031
1149
1006
1126
1037
1009
1183
1108
1142
1138
1139
1160
1084
1008
1042
1008
1187
1107
1128
1061
1143
1085
1020
1154
1018
1163
1169
1037
1151
1028
1029
1160
1180
1086
1187
1031
1085
1091
1102
1009
1060
1116
1148
1183
1150
1141
1088
1029
1025
1072
1127
1092
1030
1151
1062
1143
1042
1111
1151
1146
1039
1149
1044
1079
1137
1115
1033
1174
1102
1160
1185
1056
1184
1030
1128
1111
1024
1040
1043
1096
1076
1133
1161
1012
1066
1174
1015
1046
1093
1136
1083
1195
1184
1032
1067
1042
1199
1019
1061
1024
1116
1026
1093
1140
1036
1109
1170
1004
1153
1180
1010
1173
1034
1101
1089
1011
1186
1004
1177
1029
1086
1042
1089
1116
1147
1102
1156
1009
1104
1084
1150
1128
1061
1199
1098
1071
1174
1002
1084
1101
1015
1134
1170
1105
1082
1142
1137
1172
1060
1030
1111
1060
1039
1117
1009
1061
1189
1151
1035
1128
1091
1164
1088
1052
1124
1012
1028
1005
1189
1165
1195
1139
1192
1182
1151
1156
1072
1198
1135
1041
1183
1139
1168
1085
1050
1007
1198
1078
1030
1181
1136
1061
1131
1114
1042
1040
1147
1152
1022
1179
1001
1195
1052
1029
1114
1022
1160
1170
1061
1030
1123
1127
1145
1046
1196
1198
1125
1077
1007
1103
1151
1120
1069
1006
1176
1116
1163
1052
1039
1093
1138
1026
1038
1165
1027
1098
1147
1177
1027
1100
1081
1085
1005
1100
1136
1030
1173
1077
1071
1194
1139
1112
1100
1184
1177
1027
1158
1152
1054
1127
1128
1094
1017
1029
1165
1148
1081
1104
1184
1000
1114
1059
1126
1066
1089
1106
1102
1176
1059
1106
1021
1056
1146
1007
1180
1125
1066
1194
1115
1005
1166
1193
1197
1090
1095
1107
1102
1055
1115
1029
1054
1163
1099
1077
1050
1100
1181
1149
1188
1002
1119
1145
1121
1112
1185
1075
1187
1190
1155
1166
1002
1100
1085
1191
1170
1120
1125
1111
1189
1081
1085
1002
1194
1128
1067
1057
1038