300
1100
1006
1159
1024
1070
1102
1166
1016
1069
1199
1112
1114
1050
1191
1055
1165
1156
1092
1076
1187
1160
1024
1083
1006
1140
1175
1165
1119
1073
1131
1160
1059
1117
1007
1099
1073
1193
1183
1118
1114
1139
1116
1096
1035
1129
1155
1199
1110
1081
1137
1110
1094
1103
1179
1130
1047
1167
1199
1139
1180
1008
1189
1012
1095
1135
1052
1019
1131
1114
1069
1147
1039
1160
1083
1152
1031
1131
1094
1101
1080
1091
1073
1115
1071
1194
1031
1079
1176
1011
1121
1009
1021
1002
1076
1074
1077
1166
1117
1113
1090
1116
1149
1169
1011
1003
1100
1067
1155
1069
1115
1124
1017
1100
1145
1165
1152
1042
1112
1067
1028
1083
1180
1048
1098
1062
1011
1101
1061
1156
1032
1072
1115
1136
1144
1108
1185
1063
1030
1055
1007
1161
1024
1041
1116
1163
1048
1027
1128
1177
1010
1012
1127
1141
1073
1055
1144
1021
1076
1122
1129
1132
1096
1113
1052
1111
1016
1106
1121
1099
1193
1111
1011
1159
1096
1023
1124
1120
1090
1105
1059
1137
1100
1186
1001
1197
1061
1024
1148
1070
1184
1030
1025
1027
1082
1021
1026
1114
1046
1121
1044
1193
1103
1001
1165
1080
1026
1163
1115
1155
1159
1005
1117
1147
1075
1046
1041
1072
1014
1121
1003
1030
1063
1187
1131
1135
1169
1023
1124
1087
1074
1062
1097
1198
1093
1191
1103
1087
1122
1029
1032
1011
1066
1191
1079
1183
1050
1186
1108
1153
1145
1015
1077
1059
1040
1080
1105
1116
1007
1153
1037
1161
1142
1173
1119
1093
1057
1113
1074
1170
1073
1009
1153
1091
1148
1068
1162
1188
1118
1051
1009
1133
1193
1156
1025
1039
1014
1194
1021
1090
1196
1152
1104
1117
1093
1021
1019
1121
1127
1025